  1. 2.4167
  2. 7.3333
  3. 3.6500
  4. 5.2084
  5. 2.5000
  6. 4.3333
  7. 5.7500
  8. 1.8000
  9. 6.8500
 10. 8.0000
 11. 5.0000
 12. 7.5833
 13. 7.5000
 14. 6.3750
 15. 1.9167
 16. 2.2500
 17. 10.0000
 18. 1.0000
 19. 1.7500
 20. 7.0042
 21. 1.0000
 22. 2.8000
 23. 4.3125
 24. 4.2084
 25. 6.5000
 26. 4.5000
 27. 4.7500
 28. 0.0000
 29. 6.2500
 30. 2.7667
 31. 1.8500
 32. 2.5000
 33. 1.7833
 34. 0.0000
 35. 3.3833
 36. 5.3958
 37. 2.2500
 38. 1.0000
 39. 1.0000
 40. 2.0500
 41. 2.5000
 42. 5.4375
 43. 5.7083
 44. 8.5000
 45. 4.0000
 46. 3.8666
 47. 2.3500
 48. 4.5000
 49. 7.2500
 50. 2.0000
 51. 4.9000
 52. 7.8334
 53. 4.0667
 54. 7.2000
 55. 7.0000
 56. 6.9375
 57. 5.0000
 58. 5.2416
 59. 1.6000
 60. 3.5000
 61. 5.0417
 62. 3.4167
 63. 7.0000
 64. 8.5000
 65. 4.8333
 66. 3.5400
 67. 0.0000
 68. 6.1250
 69. 6.5000
 70. 3.6667
 71. 3.5000
 72. 5.4583
 73. 5.5333
 74. 5.6666
 75. 1.0000
 76. 6.3583
 77. 2.0000
 78. 1.3333
 79. 0.0000
 80. 3.3125
 81. 6.7667
 82. 3.4000
 83. 7.1250
 84. 8.5000
 85. 3.5833
 86. 2.0000
 87. 2.0000
 88. 8.0000
 89. 3.2000
 90. 8.4167
 91. 3.4167
 92. 1.6250
 93. 4.2500
 94. 6.0000
 95. 5.5000
 96. 6.7916
 97. 5.5333
 98. 3.0000
 99. 6.8167
100. 5.1333
101. 2.6500
102. 4.7167
103. 6.9167
104. 7.2500
105. 5.2083
106. 0.0000
107. 3.3333
108. 1.3333
109. 3.4167
110. 5.3333
111. 4.0000
112. 7.4167
113. 8.0000
114. 7.5416
115. 8.5833
116. 2.2500
117. 2.5833
118. 4.2500
119. 6.0416
120. 6.3333
121. 3.7917
122. 5.8333
123. 3.4583
124. 1.7333
125. 9.0000
126. 2.5000
127. 0.6667
128. 7.8500
129. 4.5000
130. 5.2292
131. 4.2500
132. 7.7916
133. 6.1500
134. 8.0000
135. 10.0000
136. 1.8500
137. 2.2500
138. 5.7916
139. 1.2500
140. 2.7500
141. 2.5000
142. 3.3500
143. 5.2950
144. 4.0625
145. 5.5000
146. 7.9750
147. 1.5500
148. 3.3583
149. 1.5000
150. 7.5000
151. 4.5666
152. 8.5000
153. 3.6500
154. 8.2916
155. 4.5700
156. 3.0500
157. 4.5000
158. 3.9500
159. 3.4167
160. 4.6667
161. 2.8333
162. 5.7833
163. 2.5000
164. 9.0000
165. 5.5417
166. 7.0000
167. 0.8500
168. 4.0209
169. 8.0416
170. 5.7084
171. 7.0000
172. 3.2083
173. 2.1333
174. 2.0000
175. 9.2000
176. 4.6251
177. 3.9167
178. 2.0000
179. 6.2500
180. 2.5916
181. 1.8500
182. 4.7416
183. 1.0833
184. 0.5000
185. 1.5000
186. 8.0000
187. 2.3500
188. 1.5000
189. 4.1416
190. 7.0000
191. 5.5833
192. 6.5833
193. 3.6333
194. 7.0000
195. 3.5500
196. 2.0000
197. 4.1000
198. 7.1667
199. 1.9167
200. 2.0000
201. 0.2500
202. 6.6250
203. 5.3333
204. 2.9583
205. 4.8833
206. 5.8750
207. 6.4583
208. 0.0000
209. 3.7833
210. 4.9583
211. 10.0000
212. 3.5000
213. 0.6042
214. 0.2500
215. 2.5000
216. 3.5000
217. 2.6500
218. 2.2333
219. 8.0000
220. 7.0000
221. 5.5333
222. 7.7000
223. 1.2500
224. 1.4500
225. 1.7000
226. 7.5834
227. 6.8750
228. 8.7084
229. 7.2500
230. 2.2500
231. 4.5000
232. 0.0000
233. 6.1042
234. 7.7084
235. 2.4117
236. 0.0000
237. 4.5833
238. 3.0000
239. 2.0500
240. 4.2917
241. 6.2500
242. 3.1916
243. 6.5000
244. 8.5000
245. 2.0000
246. 6.4166
247. 5.0000
248. 7.0000
249. 4.0000
250. 3.7083
251. 7.5000
252. 1.5000
253. 3.1459
254. 1.2500
255. 1.2500
256. 5.2042
257. 5.7083
258. 1.0000
259. 8.0000
260. 3.0000
261. 5.4500
262. 3.0000
263. 2.0000
264. 6.5167
265. 2.7875
266. 1.2500
267. 0.0000
268. 0.2000
269. 5.4583
270. 2.5417
271. 4.6666
272. 2.0000
273. 8.5000
274. 3.5000
275. 1.0000
276. 5.4500
277. 1.3333
278. 9.0000
279. 7.4584
280. 4.2083
281. 0.0000
282. 2.9500
283. 4.5000
284. 3.5000
285. 2.7500
286. 6.6250
287. 1.4167
288. 7.7500
289. 6.3000
290. 1.0000
291. 3.5833
292. 1.8333
293. 3.0000
294. 0.0000
295. 5.4167
296. 7.5000
297. 2.0000
298. 6.9583
299. 1.7750
300. 4.0000
301. 9.2000
302. 7.0000
303. 4.6500
304. 2.4333
305. 3.7500
306. 2.3000
307. 6.1000
308. 3.5000
309. 3.6333
310. 5.8250
311. 6.2834
312. 3.8250
313. 2.0000
314. 2.2500
315. 6.2500
316. 2.2500
317. 8.0000
318. 0.7000
319. 7.5000
320. 5.5000
321. 0.0000
322. 4.5625
323. 1.0000
324. 0.3500
325. 3.5000
326. 7.8667
327. 4.2250
328. 3.9667
329. 0.4000
330. 4.6250
331. 2.5000
332. 4.5000
333. 3.4167
334. 3.5000
335. 4.6000
336. 8.0000
337. 4.0000
338. 3.1250
