# Puntuaciones de Francés (010) - Baremo 2025
# Total candidatos: 273
# Orden: Exacto del PDF oficial

  1. 1.5833
  2. 0.7500
  3. 4.5833
  4. 4.0000
  5. 0.5000
  6. 6.7500
  7. 1.0000
  8. 4.7000
  9. 6.3333
 10. 9.5000
 11. 1.7500
 12. 9.2834
 13. 8.5000
 14. 6.9500
 15. 7.5000
 16. 7.4833
 17. 4.8833
 18. 6.3334
 19. 5.5000
 20. 5.8750
 21. 6.8333
 22. 5.4792
 23. 7.5000
 24. 7.9167
 25. 9.0000
 26. 8.5000
 27. 0.2500
 28. 7.9167
 29. 4.0834
 30. 3.5000
 31. 7.2084
 32. 9.0000
 33. 4.2500
 34. 7.0833
 35. 7.0000
 36. 9.0000
 37. 4.0208
 38. 4.2083
 39. 0.0000
 40. 5.7500
 41. 8.5000
 42. 4.4167
 43. 9.8750
 44. 3.0000
 45. 7.8500
 46. 7.7500
 47. 5.6000
 48. 1.2000
 49. 10.0000
 50. 6.4583
 51. 3.5000
 52. 1.5000
 53. 3.5000
 54. 8.5000
 55. 1.5000
 56. 5.8333
 57. 3.8333
 58. 6.8500
 59. 2.0000
 60. 0.2500
 61. 4.1650
 62. 7.5500
 63. 8.5000
 64. 6.2500
 65. 1.2500
 66. 5.8000
 67. 7.6667
 68. 10.0000
 69. 0.0000
 70. 8.5000
 71. 8.0000
 72. 6.0000
 73. 5.5834
 74. 9.5000
 75. 4.2500
 76. 8.5000
 77. 6.2500
 78. 8.0000
 79. 3.5000
 80. 6.5416
 81. 6.0000
 82. 0.0000
 83. 7.1367
 84. 5.6667
 85. 4.9000
 86. 8.5000
 87. 8.2500
 88. 4.0000
 89. 8.3334
 90. 1.8500
 91. 8.3000
 92. 0.0000
 93. 9.1666
 94. 9.5000
 95. 3.1667
 96. 8.7500
 97. 7.6000
 98. 8.6300
 99. 4.3333
100. 7.4583
101. 8.0000
102. 6.8750
103. 8.5000
104. 7.1000
105. 5.1566
106. 7.5000
107. 2.5833
108. 4.7500
109. 8.5000
110. 0.0000
111. 6.2500
112. 2.3833
113. 3.4500
114. 4.7667
115. 7.2084
116. 1.5833
117. 4.7416
118. 6.9167
119. 6.2500
120. 9.7500
121. 3.9167
122. 3.0000
123. 7.6666
124. 7.0000
125. 0.5000
126. 9.6666
127. 0.4750
128. 4.5833
129. 0.0000
130. 1.0000
131. 1.0000
132. 7.5500
133. 4.6250
134. 8.5000
135. 1.5167
136. 8.8125
137. 3.5000
138. 6.8500
139. 5.8333
140. 3.4167
141. 3.0000
142. 7.0000
143. 8.5000
144. 6.7500
145. 9.0000
146. 3.7500
147. 3.0833
148. 4.0000
149. 6.4600
150. 10.0000
151. 6.6667
152. 3.0000
153. 8.0000
154. 5.5000
155. 1.5000
156. 6.0167
157. 5.9583
158. 7.2000
159. 7.5000
160. 4.7292
161. 7.1667
162. 7.7500
163. 3.0833
164. 4.0417
165. 1.5500
166. 7.1667
167. 8.0000
168. 9.0000
169. 2.2500
170. 9.7500
171. 8.0000
172. 8.5000
173. 7.0000
174. 5.0000
175. 7.9000
176. 3.5667
177. 9.5000
178. 0.1500
179. 8.0000
180. 7.8333
181. 4.0833
182. 3.5000
183. 4.1750
184. 8.5000
185. 8.2500
186. 2.0000
187. 0.6000
188. 6.5000
189. 5.7000
190. 1.5000
191. 7.9500
192. 6.5500
193. 7.3250
194. 6.9000
195. 1.7500
196. 7.5000
197. 8.6250
198. 8.0000
199. 6.0000
200. 2.5000
201. 4.5500
202. 7.3667
203. 1.2500
204. 7.0000
205. 9.0000
206. 8.0000
207. 7.5000
208. 5.6667
209. 9.5000
210. 5.8750
211. 8.6250
212. 6.5000
213. 1.0000
214. 5.0000
215. 2.6500
216. 5.8333
217. 5.5000
218. 5.3500
219. 8.0000
220. 3.0000
221. 7.5000
222. 8.7500
223. 8.2083
224. 9.5000
225. 8.0000
226. 5.0000
227. 0.5000
228. 2.0000
229. 9.8333
230. 7.4167
231. 8.0000
232. 6.8000
233. 3.7708
234. 5.2000
235. 2.5000
236. 6.5000
237. 7.2084
238. 10.0000
239. 9.0000
240. 4.4583
241. 8.5833
242. 3.5000
243. 2.8750
244. 5.8333
245. 8.0000
246. 3.8750
247. 9.6250
248. 3.5833
249. 2.5000
250. 10.0000
251. 2.0500
252. 3.8500
253. 0.0000
254. 0.9000
255. 9.1250
256. 3.2500
257. 4.9167
258. 2.6000
259. 7.7000
260. 0.6500
261. 3.4167
262. 8.9500
263. 8.0000
264. 4.6667
265. 3.8000
266. 7.3750
267. 8.5000
268. 6.1042
269. 1.0000
270. 1.2500
271. 7.3500
272. 3.7667
273. 4.7500
