6.3333
0.0
3.1167
7.0
3.25
1.0
5.5
2.5
1.5
4.0
6.0
5.5
7.775
8.9583
3.5
3.5667
3.5
4.0
7.75
7.6667
9.7
2.8
9.0
3.0
4.5
3.0
4.8333
2.625
2.2292
4.1667
2.2
6.7917
1.5
6.25
2.875
4.5
6.375
6.8542
4.75
0.5
8.8333
10.0
6.0
7.0834
3.75
6.0
9.2834
1.0
1.25
9.75
6.5
5.5
3.55
9.9084
3.5417
1.375
0.0
2.0
4.4583
0.0
6.625
3.2
1.5
9.5
3.0
8.6667
7.875
2.8
2.0
6.5833
6.5
9.5
4.4167
5.9375
10.0
3.5833
6.0084
10.0
5.0833
5.025
7.3333
1.0
4.0
5.0833
7.7917
7.05
7.75
0.0
4.8333
0.5
5.0
3.5
3.5
10.0
4.3333
3.0
4.0
8.0833
4.0
6.5
7.1042
1.75
1.0
1.5
1.75
9.0
7.5
3.75
10.0
1.9167
3.75
9.5
0.0
3.75
1.5
5.0
5.0
10.0
4.7
4.75
0.0
8.7916
4.1833
8.5834
5.3333
1.0
3.25
3.3167
2.0
5.375
3.4792
6.875
7.875
2.0
5.4583
8.2
3.8333
6.5
3.2
0.0
7.6584
2.5
4.0
6.6875
2.0042
8.9084
2.0
0.5
7.2917
5.9083
9.65
10.0
5.9167
0.0
0.0
4.3333
7.25
4.3333
4.25
2.3
3.5
6.125
9.0
4.7367
8.4167
3.7667
7.6667
0.25
1.7
4.5
1.3
8.7916
8.2
1.0
4.8333
8.1666
6.0
7.375
4.35
8.7
2.65
10.0
0.0
2.3333
3.5
3.4167
9.6167
6.0
6.0
3.0
1.0
1.3
5.3333
8.95
4.25
5.5
5.175
6.5833
10.0
6.4167
3.0
5.5
2.0
7.8333
5.5
2.0
3.9167
5.9167
6.6875
4.0
7.4167
3.3
5.0
3.9583
1.0
5.75
6.0
3.5
5.0833
5.125
8.25
8.25
1.4167
3.5
3.25
8.0
2.35
4.25
3.0
7.75
6.4167
8.0
6.6667
3.5
6.6833
3.75
6.5833
6.45
9.0416
7.5
4.95
6.3333
5.975
3.5
9.5834
3.5
4.6167
6.0833
7.4917
7.25
3.2
4.0
0.95
5.45
3.7
6.3333
1.8333
2.1
5.5833
3.9167
4.6
3.3333
8.15
3.5333
5.175
4.0
1.25
7.8333
3.2
4.4167
3.1667
6.3333
2.0
1.4
3.9
8.4791
1.7917
5.45
5.75
5.75
10.0
1.0
4.5
1.9
10.0
6.4583
6.5333
7.6167
5.75
8.2
2.0958
2.0
3.5
6.5833
6.0
10.0
2.75
1.5
5.58
7.75
1.0
6.95
4.5
8.75
1.0
3.5833
5.9167
4.1667
0.0
1.0
7.5
4.7417
2.0
7.15
9.575
2.9
3.2167
4.0
9.7
7.8333
3.5
4.25
2.625
3.6
8.0
7.7
4.4
3.0
7.6584
8.9167
3.1667
3.25
4.0
6.0
0.25
6.5417
6.5
1.75
9.75
3.0
6.0
5.8458
8.25
5.65
7.4167
2.15
1.0
5.0
4.4167
4.5
2.25
4.075
7.25
10.0
0.65
3.4
9.5
5.6666
4.0
4.4167
7.0
6.5
3.5
4.0
6.8333
10.0
3.5
5.875
4.7333
2.5667
8.0833
3.0
3.7
3.5
2.0
3.0833
4.0833
7.5
2.0
3.65
1.5
10.0
8.5
3.0
10.0
5.1667
3.75
5.5
8.4583
7.3
10.0
7.0
7.2084
8.5
1.75
5.9583
3.45
4.6667
2.0
6.4167
0.0
7.5
3.5
1.2
4.3333
8.1667
5.9167
3.0
1.0
3.0
5.8333
5.4167
5.5416
3.0
3.8
2.75
9.1666
3.5
4.5
3.5
9.0
6.25
2.1333
2.0
6.5
4.3333
5.0
4.8
7.5
5.45
5.4167
3.6667
8.5
10.0
4.25
6.3333
5.0
1.25
9.9375
3.75
8.75
3.0
3.0
9.75
6.5417
7.0
5.0833
3.0
4.0
9.25
3.5
1.25
3.5
4.7667
0.5
4.2917
4.0
3.5167
1.5
5.0
5.0
4.0
6.1667
3.0
6.0
5.65
4.5
10.0
6.1333
2.95
4.1667
5.8333
7.9167
7.3333
2.5833
1.0
1.0
3.5
6.1667
6.3667
4.5
6.5
2.75
4.0
1.8
4.0
9.5
9.0
3.0
6.9
2.0
3.0
8.3875
4.95
9.3
2.25
3.0
7.25
0.0
6.0
0.0
2.0
5.0625
2.0
0.25
3.0
2.5
5.0
5.65
3.0
0.0
7.7667
1.0
9.2916
7.5834
10.0
1.0
9.2
5.0
4.5
4.0
4.4
6.25
2.0
5.2833
7.5
0.0
7.8333
4.0
3.0
0.0
6.5
9.4167
4.85
4.3333
4.75
4.0833
8.0
7.1667
3.0
6.0833
7.75
7.0
4.5
8.5333
4.5
6.4583
7.9167
5.45
5.9
9.5
3.25
1.0
4.15
7.275
1.0
2.25
3.65
8.0
3.8333
8.0
3.7833
6.5
3.5
4.7
6.4167
9.0
3.0
4.5
9.0
6.8333
8.6875
2.5
2.95
2.05
3.45
2.5
1.9
1.25
2.9167
3.0
9.2
4.0
7.7083
10.0
6.8333
4.5
5.75
9.2
8.375
2.85
4.85
4.5667
6.375
3.4583
6.5
3.5
7.8125
3.0
6.5
3.0
6.4167
0.0
3.0
2.0
4.5
4.75
4.0
3.8
7.4167
6.5
3.65
4.0
7.0208
1.0
8.5
9.5
2.3333
3.0
6.2708
5.4
7.1667
9.5
8.95
10.0
6.8667
7.8333
9.6375
7.0417
3.5
3.0
2.5
1.0
2.0
4.0833
4.0
9.1375
5.5
2.75
10.0
4.95
5.5
8.1667
4.5
0.25
4.5
4.5333
6.5001
7.0
10.0
1.25
7.75
2.5
4.95
9.0
3.0
8.5
7.8667
6.5833
0.0
7.7
9.0
8.8333
1.5
6.7
1.0
5.5
3.6667
1.25
6.75
3.0
9.0
7.95
4.45
1.5
4.0
0.0
7.4917
9.5
2.45
6.95
5.1667
7.6666
3.5
8.75
3.5
6.0
5.4167
2.5
4.5
3.5
1.575
7.0
6.075
6.4167
5.2917
3.0
6.625
8.25
8.45
4.25
10.0
6.75
7.9167
2.0
2.65
3.5
3.45
6.0333
3.125
1.3083
8.0
7.5125
5.5
9.3334
1.5833
5.3
3.5
9.0
7.5
3.85
2.0
5.9167
9.0
8.0833
4.9167
8.0
7.5
7.125
2.0833
9.1666
8.1584
6.0834
6.1667
3.0
5.5
1.5
0.0
3.4833
0.25
7.0
6.0
9.2
6.8583
7.0833
4.6667
8.9167
5.4167
3.75
1.25
9.5
5.9167
8.5
4.3833
3.0417
5.75
2.95
3.5833
6.3333
4.75
2.0
8.5
7.7625
4.5
6.8333
6.0
7.9
4.45
9.75
3.2
6.5
3.6667
5.25
3.0
3.5
7.0
1.5
2.0
3.4167
3.6667
5.375
10.0
3.95
9.5
3.4167
3.7
8.65
1.55
1.55
2.3
5.0
7.0
3.2
4.2083
6.75
6.0
8.0
3.5
2.0
3.0
1.5
6.6167
2.3
2.0
6.5833
4.7
6.1667
6.5833
5.7917
5.4167
6.9583
7.2
5.25
3.5
3.0
3.0
1.2
4.4167
4.9167
8.4375
3.3333
7.9166
3.1667
1.2
6.5
5.8126
1.8
3.25
3.0
5.0
4.3333
1.5
3.0
5.0
10.0
7.75
3.5
3.5
7.5
8.75
1.65
6.8875
5.3333
3.5
3.0
3.5
0.25
7.9167
3.0
0.0
6.3959
4.5
1.5
4.6667
1.65
2.0
5.1667
2.5
5.2833
7.0625
4.875
7.0
3.5
3.5
7.7333
1.5
8.375
4.25
0.0
8.5
6.75
1.0
5.0
7.5
5.0
6.0
7.825
7.0
6.2083
3.0
8.625
5.0
3.0
5.375
9.45
9.5
8.5
8.0
8.25
8.25
3.85
5.7
6.0
4.0
3.875
5.3333
8.5
7.5
4.7833
9.625
10.0
6.2
3.5833
3.0
6.0
7.7
6.1667
1.0
3.0
5.25
2.0
6.4167
4.0
5.4167
9.5
6.0
7.0834
10.0
1.25
4.0
6.0
5.6667
3.5
4.5
3.8333
3.5
4.5
6.0
3.0
2.65
7.15
3.625
5.75
7.0
3.5
7.5
3.6417
3.0
7.25
9.5
4.35
3.9167
4.95
2.0
3.0
0.0
7.0833
7.125
0.5
4.125
9.5
3.0
5.3333
6.0
3.4167
7.3333
6.25
4.6833
5.5
10.0
6.2
9.0
10.0
6.8667
2.6
2.3
5.5
8.1167
4.7
0.45
4.0
4.125
7.6583
2.8
7.9833
3.5
2.5
3.0
0.0
6.0
8.75
6.9375
4.3333
4.2
8.0
8.75
0.75
2.0
1.35
2.7667
1.5
3.5
8.0
1.7
8.5
4.0
1.5
0.0
3.5
7.0
3.0
2.8
6.75
6.3333
10.0
3.65
0.65
6.0
5.95
4.1167
4.0
3.2
8.6666
0.0
4.8667
3.5
1.5
8.25
8.5
7.3333
4.0
0.5
3.0
6.3334
6.75
10.0
6.45
1.65
3.0
1.0
6.4167
3.0
5.0833
3.4167
8.75
8.5667
8.0
1.0
1.0
7.0416
8.5
1.5
7.2416
9.0
4.25
3.15
5.9583
3.2667
3.5
6.25
6.625
3.0
0.0
2.0
1.25
1.7917
2.65
3.75
4.6958
4.25
2.75
3.5
2.8833
7.25
5.25
2.8833
0.0
3.55
5.0
3.5
8.0
1.75
4.425
5.1667
3.0
3.5
10.0
6.8333
2.05
0.25
4.05
2.0833
3.0
3.0
2.95
1.0
6.1667
10.0
4.5
4.875
9.5
4.5833
3.0
7.0
2.2
7.7
7.0
8.3333
2.75
3.0417
0.75
5.5
8.0416
5.5
2.0
9.0
6.2083
0.0
0.0
8.0
3.5333
9.2
2.75
6.9667
3.35
8.2
2.6
4.5
8.0333
4.5459
6.7917
3.5
3.5167
8.75
8.5
1.4167
7.8333
9.0
6.9167
3.5
7.0
3.7
6.4167
1.5
3.0
1.5
2.75
8.25
7.6667
6.7417
3.5
2.0
3.5
2.0
2.8
3.3
4.4
4.5
8.0
7.3333
4.8667
7.5
3.5
5.9583
8.5
1.5
10.0
0.0
5.25
3.7083
7.5834
2.5
2.0
5.6
2.0
6.0833
4.25
8.0
4.0
6.5833
9.0417
9.0417
4.0
3.0
7.0
7.0417
0.0
10.0
3.0417
1.0
3.6667
3.4667
5.475
3.3
8.0
6.75
3.0
1.25
4.5
4.2667
6.0
4.6667
2.45
4.75
3.75
2.5
0.3
7.9792
6.7
6.8333
6.0833
4.0
10.0
9.2
5.5
9.1583
6.2917
7.9167
8.0
5.6667
8.2
6.7
8.8333
7.6125
3.5
6.5
4.25
3.0
8.5
6.1667
0.25
3.5
5.3667
9.0
2.0
7.0184
3.6
8.5
4.5
6.5
4.9167
2.5
7.8334
1.0
7.9167
4.0
0.0
7.95
1.0
9.1667
7.5
3.5417
2.0
8.0833
8.0
9.5
9.5
5.9583
5.5
5.0
4.125
6.3333
7.8125
3.4167
5.8333
5.25
10.0
3.5
4.5
8.5
1.5
8.0
8.5
4.75
5.5
9.3333
7.75
8.0
8.2
4.1667
3.1667
5.825
2.4167
0.0
4.9583
6.5
9.0
7.3333
3.7916
4.0
5.6667
3.3333
1.25
7.0
4.5
5.25
3.0
8.0
8.825
9.4167
6.3333
8.5
6.75
9.4583
8.5834
3.2
4.125
7.8334
3.7
8.5
5.4
3.5
6.9167
5.5
4.75
6.8667
3.5
3.3125
3.875
4.8667
1.0
4.0
9.0
8.0
6.5
4.3667
3.2
5.0833
7.25
8.6667
6.2
6.3333
5.3917
3.2
8.0
5.25
6.45
6.0
3.0
8.5
7.375
6.0
4.2
3.95
4.5
8.7
6.9584
7.25
4.1375
3.625
2.3
3.3
7.0417
5.5417
6.4167
5.5
9.0416
5.6917
2.0
7.6667
3.3333
8.1667
5.7291
4.75
5.0
4.5
10.0
1.2
0.0
2.45
3.7333
7.2625
7.0
8.0
3.3
9.05
9.1667
1.0
8.7916
8.75
4.15
3.7
6.95
7.1667
3.0
5.5
4.0
6.25
3.0
7.2
3.9
1.0
3.0
7.7
2.75
6.9583
5.0833
4.5
4.0
1.2
3.5
7.8167
8.75
6.6583
3.5
3.5333
4.9333
4.8167
3.0
9.0
7.3167
3.0
4.575
5.0
6.0
5.0
3.3333
3.0
3.7333
3.5
3.2
0.0
8.0
8.5
7.9791
3.5
8.3667
9.0
4.2292
3.5
2.1
8.55
7.5
3.0
6.2417
8.8333
3.0
4.0
1.6
1.55
7.5
7.0
3.0
7.85
6.5
5.75
8.5834
1.7667
6.25
0.5
5.4167
10.0
1.0
1.55
8.9375
4.0
7.0
4.5
7.7
2.5
9.45
6.7
6.0
4.0
9.0
3.0
5.3167
6.5625
0.0
4.0
3.0
1.0833
3.5
3.1
8.0
3.45
5.0
1.2917
4.5
6.0
1.0
3.0
5.25
6.5334
5.2917
1.0
3.8333
3.0
3.6667
2.5
3.0
1.0
3.0
1.7
6.8334
6.25
4.5833
4.5
1.7
1.0
8.9
7.7917
4.5416
5.8333
8.125
6.4167
6.6583
4.05
9.5
9.5833
3.15
1.5
6.7084
4.0
5.0
8.2
3.5
3.0
1.75
8.6583
4.5833
1.25
10.0
6.5
4.9167
3.7
6.5
3.0417
8.0
4.5
8.25
2.5
5.1667
4.5
4.0
3.9583
5.4167
8.25
1.25
7.0417
2.0
4.5
5.425
7.3333
5.5833
5.1458
2.95
1.75
3.7333
2.0
3.0
3.5
3.0
7.0
6.5416
4.0
5.75
5.875
8.5
0.0
3.5
2.5
0.0
5.2083
1.0
3.7
8.5
8.5
3.8333
8.75
0.0
2.0
4.0833
2.15
5.7167
6.2
4.25
7.5
5.0
3.5
3.0
1.65
6.5
8.7083
4.5
4.3042
2.25
8.0
3.0
5.2
2.875
6.25
3.0
8.0
1.5
3.3333
0.5
4.5
10.0
3.0
4.4
9.1667
2.9
2.25
7.0958
8.1667
4.5333
3.6167
8.0
4.5
7.2333
3.0
3.2833
4.0
3.25
8.5833
4.6667
3.5
4.8333
7.5209
3.9167
5.0
7.5
8.5
4.5
3.15
6.5
1.65
4.1
2.0
4.8333
3.5
8.0
4.7
10.0
2.125
2.5
6.5833
1.0
4.6667
3.4167
4.0
3.5
2.25
7.15
0.0
7.0
5.625
6.45
3.0
3.5
9.0
3.75
1.75
7.0
4.5
1.05
6.0
6.3333
1.0
8.7084
3.5
7.1084
3.3333
3.0
8.0
9.5
7.4167
4.5
2.0
1.25
1.5
7.3333
1.0
5.5833
5.0
1.8
2.1
2.0
3.0
1.25
2.8333
4.25
8.6667
8.25
3.0
4.7417
4.0
7.5
3.0
6.95
7.95
6.0833
6.25
9.0
8.0
6.0
7.7916
5.25
5.2
6.8667
3.0
7.45
5.0
1.2
1.5
6.5
8.5
2.0
9.0
8.2166
5.2
6.0
2.55
4.0
4.5
4.3333
5.5
5.3333
2.0
4.5833
7.0
3.45
2.5
7.0
4.0791
9.0
5.95
3.5
6.75
8.75
2.25
1.0
8.1667
0.0
0.0
6.0
2.5417
3.0
6.6667
4.7
2.25
7.1667
9.0
8.0333
5.0
7.5
4.0
5.575
1.0
9.5
4.5
6.3333
7.75
2.0
1.5
9.5
6.8333
3.25
9.25
7.95
3.5
2.0
6.7833
0.0
10.0
5.5
6.65
2.5
9.3
6.0
7.0
8.5
2.0
3.9167
3.5
9.0
1.5
3.0
7.05
6.5
3.0
1.5
6.9084
9.5
5.1667
0.95
5.25
6.5
8.49
9.5
3.0
8.0
6.5
2.0
0.0
5.3667
7.8167
4.5833
9.0
6.0833
10.0
3.95
8.5
1.75
2.4167
8.575
4.7833
5.25
9.0
9.0
6.0417
0.0
2.0
8.325
3.7667
5.625
4.05
7.5
3.4
6.0667
2.5
1.0
8.5
1.95
5.8125
3.5
5.5
4.25
3.0
6.45
7.0333
0.0
3.625
5.0
3.0
3.0
4.1667
6.9167
6.0
0.0
1.0
3.0
2.0
5.0333
2.6
3.5
8.2
3.2833
6.1667
3.0833
7.325
8.6667
8.0
6.0
7.1667
3.5417
3.5
6.6667
5.9167
9.0
5.1667
3.4167
3.15
1.5
5.3333
3.75
8.5
1.65
7.3417
3.0
0.65
3.15
7.7291
1.0
2.75
3.5
5.9791
2.55
3.0833
4.3333
8.3667
3.5
4.0
5.15
3.5
3.0
6.7625
4.75
0.25
5.05
2.5
2.3
4.9375
4.75
3.5833
9.0
6.25
3.8542
6.8667
4.0208
6.1667
3.0
3.0
10.0
6.75
1.25
6.25
9.3333
3.0
5.5
4.0
4.45
2.4
3.5
4.7667
4.7
1.9
5.5833
3.0
2.4
3.6667
4.15
2.2
6.95
5.05
4.0
3.625
8.0
3.5
4.0
1.65
4.0
1.25
7.0833
3.0
2.0
4.5
8.5
4.0
9.5
4.0
6.5
4.5
7.95
9.6667
1.9
7.9
8.15
0.25
6.0
1.0
4.75
2.0
7.0
