4.0
3.75
2.0
6.0833
2.25
8.0
3.0
4.0
4.6667
7.6666
6.1667
2.1
4.5
1.15
1.0
0.7
8.5
4.5
3.0
0.0
1.3333
6.5
3.5
9.3333
3.5
3.0
4.75
6.25
7.4167
1.75
4.9167
3.0
1.75
7.8333
7.2
8.5
2.8333
3.5
8.0
7.4584
8.0
4.75
6.75
1.6
0.0
0.0
0.0
4.5
1.5
4.5
2.4
1.25
7.0833
3.0
0.0
8.0
4.0
3.1667
3.35
6.0
1.25
8.0
5.0
3.0
8.5
3.0
4.5375
3.5
1.0
3.9167
8.0867
1.75
7.4667
3.0
9.375
3.1
9.0
6.4
3.5833
8.5
3.3
4.3
5.5
8.05
4.2417
1.3
7.4167
6.89
3.5
3.0
1.5
6.5833
1.6833
5.8333
3.9167
5.0
2.0
5.6667
4.7084
3.0
3.0
1.5
9.0834
7.625
3.9584
5.5
3.9167
4.0
5.15
6.5
5.6167
4.0
4.0
2.8833
4.4167
4.5
6.5
4.5
2.0
3.5
3.3
2.0
5.6667
1.25
0.5958
6.4167
3.5
1.2
4.8333
7.5833
8.0
7.55
7.0
0.25
1.5
6.2833
4.5
1.0
3.25
3.0
3.0
4.0
6.3667
3.8333
0.0
7.4167
4.0
2.0
4.5
3.0
4.2
6.0
9.0
0.0
8.3667
2.85
3.5
7.0
3.1667
5.9167
3.2
3.8333
4.0
5.4167
4.0
3.4167
8.0
1.65
7.5833
0.57
7.0333
2.25
6.35
1.0
5.9167
8.0
1.5
3.0
4.5
4.1667
1.0
7.75
9.0
4.5
2.5
1.0
3.3333
8.4584
9.0
2.4167
6.0
2.0
4.0
7.5833
8.5
0.85
4.65
1.2
8.0
4.0
8.2084
3.5
4.0
1.0
9.0
6.0833
7.0
2.0
4.3333
6.0417
4.5
3.4
8.0
9.0
6.5
2.55
2.5
8.0
3.0
4.0
10.0
8.0
3.25
8.5833
5.3333
2.0
5.5
8.5
3.1833
4.1667
3.75
3.75
4.0
4.2333
4.5
1.25
3.0
4.05
10.0
3.5
2.74
0.5
1.1
5.45
2.5
1.5
1.85
8.0833
4.5417
8.7084
6.0
6.25
0.0
3.0
6.4167
4.6833
4.5
3.0
6.0
7.0833
2.0
5.2084
5.75
3.5
8.0
5.0
3.0
4.35
4.9167
5.0
8.0
4.5
0.6
4.5
2.3
4.0
3.0
4.5
3.0
3.0
0.0
8.0
10.0
4.0
0.25
2.2
4.0833
2.0833
0.0
6.1084
3.0
8.5
3.0
3.45
7.75
2.0
4.0
3.8333
6.0
3.0
1.25
3.0
5.5833
6.0
3.0
0.0
2.5
3.5
4.05
3.5
1.5
6.4
3.65
2.65
7.0
6.0
6.9
3.5
1.0
2.25
8.5
2.5
10.0
7.1833
0.0
0.0
3.0
2.25
7.0
9.85
3.0
1.5
2.965
0.2
6.6667
8.2
3.5
1.5
1.25
2.0
7.3334
0.0
2.1667
8.25
5.5
6.5
10.0
3.8333
8.3333
5.0
9.2083
8.1367
7.5666
5.5917
5.1667
6.0
5.5
3.8667
4.5
3.5
8.0625
2.45
3.0
2.14
4.675
0.25
9.5
6.0
3.0
3.5
3.55
4.875
5.9167
5.9167
5.25
3.5
5.4166
2.9167
5.8333
6.5
6.875
9.5
3.75
3.0
1.0
7.625
5.25
1.0
2.0
8.5
5.4167
7.0416
6.0833
3.0
9.5
4.5
5.5
1.5
6.0833
3.5
4.25
3.5
5.0
3.17
3.5833
3.8333
5.5
5.8333
8.0
3.2083
1.05
3.0
3.5
5.0
3.75
6.5833
8.0
4.5
3.4
4.0
1.5
6.1667
9.5
5.5
4.5
0.0
4.65
9.5
5.7
8.75
9.5
4.4375
6.5
6.2
6.5417
4.5
10.0
3.5
6.25
3.0
2.8
3.3
4.5
9.5
9.0
8.4167
3.0
2.25
3.0
2.0
3.7417
5.19
7.05
3.5
3.0
3.5
8.5916
5.4167
3.5
5.5
0.4
4.25
4.125
3.9875
1.4167
7.9584
3.0
8.0
9.375
0.0
4.0
5.5
6.7417
4.75
6.4083
6.5
4.0
1.5
7.31
4.9167
4.1667
5.5
6.2
5.0
7.5
5.21
9.2
5.5
7.0
3.45
8.0
7.0
8.0
10.0
3.0
1.8333
2.75
3.0
7.0
4.0
4.5
7.25
2.5
5.1667
2.0
4.0
6.4167
2.75
3.0
3.0
5.2833
5.9167
0.25
3.7
5.25
2.1
1.5
3.0
0.0
7.0
1.0
9.5
4.5
5.0
3.0
0.5
5.7291
6.5
5.6667
5.0
5.3333
7.45
1.35
5.9167
3.0
1.0
7.95
8.0
4.55
7.8125
9.5
1.4
7.4
3.5
2.0
4.6667
8.5
4.0
4.45
6.5
4.3333
4.0
7.5
0.0
4.0
1.0
2.5
4.0
5.3834
3.75
3.0
5.6666
7.3667
2.5
2.9
4.0
3.0
3.0
1.25
9.375
2.1
7.0
3.0
3.0
6.0833
5.5
8.0
6.05
10.0
2.9
9.0
9.45
9.0
4.5
5.5833
4.625
8.0
6.0
4.9333
3.0
5.0
3.6
5.625
2.0
1.0
3.0833
3.0
9.0833
7.7083
7.4167
9.0
0.25
3.0
3.9167
3.1667
4.0
3.0
8.8333
4.8333
8.0
4.1967
0.3875
6.4167
4.0
4.0
2.6
4.0
7.1333
5.0
1.5
0.5
4.0833
3.5
8.7083
5.9167
4.2
4.0
7.5
3.3
0.0
1.0
3.0
7.25
4.5
7.35
8.2
3.5
3.05
4.4167
4.0
8.5
3.7
9.75
4.6
7.5
7.0
4.5
7.0
3.0
3.2
7.0
2.9167
4.4167
5.25
8.0
4.5
6.5
3.4
1.5
8.5
6.1
1.25
4.7917
6.4584
6.5
9.9167
4.75
0.45
1.0
3.6667
3.0
3.1667
5.0
5.6167
3.0
3.0
3.5
5.125
8.4167
7.75
6.5
6.7833
7.6833
6.9167
5.95
9.9584
4.4
3.4167
4.0
1.0
6.2
3.5
5.6167
3.0
4.75
1.0
2.1833
3.0
1.25
4.3333
6.375
3.0
7.0
5.7
9.0
2.5
4.8667
2.2333
4.0833
2.5
2.5
5.0
1.0
3.5
3.9
4.0
4.625
2.55
9.5
5.5
6.4167
1.75
3.8333
3.0
3.6
4.5
6.6667
4.0
5.95
3.5
7.6167
3.3333
5.0
9.5
1.0
1.25
4.3667
2.0
4.0
6.0
3.65
2.4167
3.0833
3.5
2.0
4.0
3.7
6.25
2.2333
3.1667
3.5
1.75
2.75
2.0
6.5
3.0
8.95
2.55
8.0
1.5
4.5
0.75
3.95
8.0
3.75
6.5
4.125
5.0
4.0
7.4167
5.2917
4.5
5.5333
3.0
4.0
8.45
5.8333
2.0
3.75
7.0833
5.0
2.3833
4.0
4.5
7.0
0.0
8.4167
4.0
5.6083
5.5
2.65
4.0
4.625
2.8
2.75
3.0
10.0
9.0
3.45
4.0
3.0
3.0
3.0
10.0
3.0
2.5417
2.0
5.5
3.5
3.9167
6.4
5.5417
3.9334
4.5
3.25
0.0
7.5
3.8333
0.0
1.6
5.2083
6.5
7.0
7.45
5.8333
5.3667
3.0
5.875
4.0
2.5
2.5
7.0
3.5
4.0
5.55
5.0
3.0
3.25
5.75
3.9167
6.5
2.0
3.0
4.6667
6.5833
4.9167
1.1
3.5417
1.0
2.65
1.0
3.0
4.2
5.1667
10.0
2.4167
3.0833
2.0
3.5667
6.0
3.0
2.85
2.3333
4.5
0.0
3.9167
2.45
3.5
6.0
4.0
4.5
2.5
3.5
1.0
7.2083
3.1667
2.25
3.15
6.4167
6.25
8.0
4.7083
9.0
8.4167
4.5
5.3333
3.5
0.0
7.5
4.8333
9.0
3.5
3.5
7.0
4.3917
2.75
3.2
8.3
3.4167
3.0
5.5833
3.4167
1.0
1.0
3.95
9.0
1.25
6.25
5.25
4.5
3.6667
5.4583
3.0
3.6
8.0
9.0
8.0
6.7084
1.25
9.5
0.52
2.15
2.0
3.5
3.4833
5.5
2.0
4.5
4.0
1.9167
3.0
1.15
7.75
1.25
2.4
4.4
3.5
1.25
4.75
3.5
8.5
4.5
4.0
3.5417
9.5
3.5
1.5
7.5833
8.4167
3.0
3.0
5.5
4.25
5.5
2.2
2.05
5.5
1.25
5.5
4.8333
8.0
2.0
9.0
4.5
4.5
5.5
1.0
1.0
2.0
5.9083
2.0
8.0
1.55
1.75
3.9167
0.0
5.0
8.5
3.0
0.5
3.0
9.0
5.7
5.0
6.075
6.25
3.0
3.85
2.5
4.35
0.0
6.5833
2.0
4.5
3.45
4.9167
4.2833
2.0792
2.0
2.7
6.0
10.0
8.5833
4.375
1.0
8.0
4.0833
2.0
3.0
1.5
5.5
3.75
2.8
10.0
3.5
4.6
6.6667
1.15
6.0
1.75
5.0
10.0
3.9167
4.6583
6.0833
4.8333
3.0
5.7417
8.625
5.8525
1.0
3.0833
4.1667
3.3042
6.0833
5.0
5.5
3.45
3.0
1.25
4.3333
3.0
6.5
5.25
8.2917
3.5
4.0
2.2
1.75
3.0
3.9167
8.5
2.0
4.155
3.9167
9.75
3.0
4.0
4.0471
6.9167
8.5
5.5
7.1666
2.0833
3.5
0.0
5.0
4.0
5.3333
3.4167
3.0
3.5
6.3333
7.8
3.0
8.95
4.5
6.0333
8.0
4.55
4.625
4.0
3.82
8.3334
3.0
2.0
3.8125
3.1667
5.7
4.5
6.0
7.5
1.2
3.5
3.0
4.1167
7.3667
7.4167
7.6667
4.0
8.6667
0.5
4.3333
4.5
6.5
6.5
2.65
5.0
4.0
7.8333
3.0
4.7084
2.25
8.5
2.0
4.75
3.5
3.0
5.4167
2.75
3.0
3.35
5.1667
0.75
8.5833
1.25
5.3541
3.3333
1.0
6.0
5.0
2.5833
3.0
5.625
5.0
0.0
7.9333
7.3334
9.0
3.05
1.0
4.5
4.55
7.75
4.9117
2.35
9.0
2.05
10.0
6.7584
4.3333
2.5
5.0
2.0
0.35
3.5
1.45
8.0
2.8167
2.0
5.4917
2.95
7.9167
5.4167
3.0
3.5
8.0
8.0
3.0
3.125
4.5
4.3333
0.5
5.2833
5.575
7.4583
3.5
3.0
7.6833
7.0
2.0
3.95
6.5833
8.0
6.8333
8.0
4.5
7.1667
4.4167
3.5
3.5833
3.0
5.75
6.4
0.25
3.0
5.25
5.5
9.0
6.75
6.75
3.0
7.5
4.5
1.0
8.2
3.0
1.8
3.0
3.7
5.5
8.1667
1.25
7.0
6.0
1.0
8.5
1.0
2.0
8.0
3.6
2.65
8.0
7.0
3.8
6.5
7.4
3.0
4.0833
2.95
6.6167
6.5
4.25
4.0
10.0
6.1833
5.9167
3.2833
4.875
0.0
4.5
4.6667
1.4
4.0833
1.0
1.8333
4.4584
3.0
5.85
6.7084
8.75
3.25
5.0
5.0
2.55
3.0
7.5
3.0
3.8333
3.5833
2.75
2.5
1.6
5.5
8.8333
5.5
0.0
4.95
2.5
3.0
4.0
2.4
4.7083
6.25
6.25
9.5
3.5
5.6667
3.8083
6.5
4.0417
8.0
7.25
2.7
1.25
2.8
7.3333
4.0
7.7
6.5
1.5
4.1667
8.3333
0.0
3.0
10.0
3.5
1.75
0.25
2.0
1.75
3.7
1.25
4.4167
4.0
4.0
3.0
3.9167
5.375
3.0
3.0
2.5
1.0
4.0
3.9167
4.7
3.9167
3.7
4.0
6.875
3.625
1.0
6.0
4.5833
3.2
3.4167
7.375
3.1667
3.6833
10.0
7.4167
4.15
6.25
2.25
3.5
1.25
4.25
3.25
2.0
3.6167
2.95
3.0
6.6667
3.0
4.8333
4.5
1.0
1.6
3.3333
3.0
9.0
4.0
5.5
1.0
0.0
7.625
1.0
0.0
6.45
4.5
3.5333
3.0
3.0
4.5
6.5
8.0
5.0
5.0
3.9
3.0
5.5625
3.0
0.65
4.7083
5.5
4.5
3.8333
4.0333
1.5
3.45
1.0
1.0
7.1167
4.3333
1.5
1.5
6.45
0.0
4.75
8.0833
5.5
4.5
4.25
1.5
10.0
5.5
6.6667
2.25
8.5
4.5
5.8
3.45
7.0417
5.3333
8.0
1.5
6.7917
6.625
3.0
4.7
4.05
2.7
7.0833
2.25
4.0
9.0
2.0
5.7917
8.8333
8.0
3.0
6.0
8.0
8.25
8.8333
7.5
8.5
2.6
8.25
3.5
3.0
4.0
4.0
1.2167
3.0
4.5
4.0
8.5
2.0
3.5
3.375
2.25
3.7
5.8
3.5
2.05
3.0
9.0
3.05
2.3
8.1667
5.0
4.3333
5.9167
7.5
3.8167
3.5
8.9166
3.5
3.5
4.5
8.0
8.5
6.8
2.65
4.0417
2.0
1.0
3.0
7.125
3.0
2.0
5.3333
3.0
3.5
8.5
6.5833
3.0
2.95
2.5
3.5
9.05
1.0
3.8
6.9167
1.7
3.25
4.1667
10.0
0.65
6.0
7.5
4.9167
3.0833
4.0
7.0
1.35
5.0
3.5417
9.0
1.75
5.1667
1.25
5.0
6.75
8.0
5.9167
3.0
2.475
6.0
5.4167
1.25
3.95
3.5
6.3833
8.0
2.5
3.5
4.0
6.0834
1.5
3.5
2.3
4.6459
3.5
4.5
6.9167
2.75
2.0
3.4
5.4584
3.0
9.5
9.0
8.5833
3.1667
2.375
6.0
1.75
6.5
3.95
10.0
5.6667
0.0625
8.25
5.1667
4.0
1.5
8.5
3.25
4.0
1.6
2.75
2.3
3.5
6.5
5.5833
4.0
2.75
4.35
7.3333
3.4167
0.0
3.0
4.1
6.15
3.75
4.5
1.0
9.5
5.7083
6.9667
1.9
1.9
7.875
4.0833
8.0
3.2917
4.0
1.5
5.75
7.0
0.0
7.0
3.25
7.0833
8.6166
4.9167
4.5
3.45
3.1667
3.0
4.2033
3.0
5.75
10.0
6.6667
2.5
1.45
10.0
8.0
4.8333
6.5
5.5833
7.1917
2.0
1.0
3.0
5.9167
1.0
3.4167
4.6167
3.9833
8.5
2.95
2.5
6.2083
4.5
4.95
5.5
7.7084
4.5
3.2667
3.0
5.5
8.125
7.8333
0.25
2.0
5.45
4.0
10.0
6.5
3.0
1.9167
2.0
3.0
1.25
8.25
1.0
9.2417
8.5
9.05
4.5
1.1
4.5667
5.875
0.75
8.5
4.7
3.45
4.5
3.0
8.8333
5.0
3.0
3.45
2.0
4.5
0.0
3.5
0.0
3.0
6.4667
6.1
3.0833
7.95
3.9167
2.0
7.1667
4.8333
1.25
3.0
8.0
8.0
7.15
3.0
5.9
4.0
6.4167
3.5
0.25
3.0
0.0
4.5
4.2
6.9167
3.0
2.0
5.0
5.5
0.0
1.8
4.0833
5.0
5.0
5.5167
2.35
4.7
8.0833
3.35
1.75
4.4583
0.0
1.25
3.4167
5.1167
5.9167
3.0
0.65
6.5
6.95
6.75
7.0
1.0
4.0
3.5
1.0
1.0417
2.0
3.5
0.2
3.7167
8.0
8.6
4.1667
10.0
4.25
4.0
1.0
8.0
3.2
4.4
4.5
5.4167
3.4167
2.0
1.0
6.375
5.0
4.375
2.775
2.2
4.5
1.0
6.5
4.65
6.5
4.5
6.95
9.0
8.97
3.7
8.5
4.5
7.8209
4.0
4.5333
7.0
5.15
6.5
2.9
6.25
1.75
2.1
5.0
1.0
1.55
3.25
1.5
7.1667
0.9
1.0
4.6
3.95
7.5
7.4584
7.7
5.5833
2.0
2.8
1.0
2.75
3.8833
2.6667
0.0
1.0
8.9167
5.4166
3.5
3.0
9.5
1.5
3.8333
6.15
4.25
8.5
3.45
1.0
5.6667
0.0
4.9167
1.5
9.95
2.0
0.5
3.3333
1.0
6.7667
1.95
7.45
4.2292
1.5
2.5
3.8167
1.45
2.25
2.3667
8.5
3.2167
0.0
4.1333
1.0
8.75
5.3333
6.2417
4.0667
4.2917
3.0
1.0
3.0
4.0833
6.0
7.25
4.5
6.0
2.75
5.25
4.0
7.2917
1.75
5.4167
4.0
4.7083
4.5
1.5
3.0
4.25
4.0
3.0
3.5
8.0
5.5
7.6667
2.2
4.5
4.0
2.95
5.0
9.0
4.5833
4.8333
8.0
3.0
4.75
4.0
4.0
4.8333
2.3833
5.0667
3.0
3.75
4.3333
8.5
4.6875
10.0
2.1
5.4167
3.5
1.0
6.9
3.6667
2.45
4.95
1.5
4.0
8.0
8.0
1.25
3.15
4.0
1.0
3.9
4.4167
3.5
5.25
2.4
3.95
4.0
3.5
0.15
0.0
1.1667
4.0
4.5
6.65
3.25
3.0
3.5
8.7
6.5
3.0
3.9
6.5833
2.0
7.0
3.9167
7.1667
8.0
8.0
5.6833
6.4167
7.05
7.5
5.85
5.4167
7.5
3.0
10.0
9.0
2.0
4.2834
5.7
6.25
5.55
2.0
7.5
4.0
6.1667
8.0
0.0
3.2
6.0
1.8
4.45
8.75
4.7083
3.5
8.0834
4.5
1.0
1.4
1.5
9.0
8.3334
3.0
5.2917
2.75
1.0
6.5
4.9583
5.1667
2.9667
1.95
7.25
4.0
3.0
4.5
7.1667
7.4167
5.875
6.2083
6.1666
3.0
8.7
2.3833
8.0
4.4167
4.7
5.5
1.75
2.2
3.8958
7.5
1.25
9.0
7.5
6.5
8.5
1.75
6.0
3.75
4.5
9.0833
2.45
5.625
7.5
2.5
9.0
4.0
2.75
3.45
9.0
0.0
9.0
1.35
6.8333
1.9
0.0
10.0
2.125
8.5417
4.75
3.45
4.0
9.3
7.6667
5.5
1.3333
1.7083
3.0
2.0
0.25
5.4167
6.5
9.75
4.0
6.8333
10.0
4.1667
3.5
3.0
3.0
5.6667
7.0
7.4167
10.0
2.5
4.0
3.625
2.1917
8.0
6.5
9.5
6.2917
6.0
5.625
3.8333
7.85
2.65
1.5
2.95
6.0
1.5
2.85
5.8333
9.5
6.7084
7.0
5.6667
6.5
4.0
5.5
5.5
4.0
0.25
4.5
6.6
5.7917
2.5
3.5
4.95
6.25
3.5
5.0
4.5
2.5
4.5
2.3
3.0
3.8
7.2291
6.5084
0.0
2.5
4.0833
1.25
6.4167
4.5
1.5
1.5
4.0
4.5
0.0
8.6667
4.0
9.5
4.8333
0.0
3.0
6.0
9.5
3.5
4.4167
8.5
2.15
4.1917
3.0
4.0
10.0
3.0
5.9167
